tree
version=v4
num_class=1
num_tree_per_iteration=1
label_index=0
max_feature_idx=7
objective=regression
feature_names=consolidated_factor_name consolidated_event_type consolidated_event_tags event_tag_category factor_movement factor_magnitude article_source_credibility market_perception_intensity
feature_infos=[0:4] [0:4] [0:6] [0:1] [0:2] [0.0010049944474049999:0.049995458100519197] [0.1000657594407242:0.99972797269279079] [0.1000708010823147:0.99999329610042975]
tree_sizes=2797 2778

Tree=0
num_leaves=31
num_cat=0
split_feature=6 5 6 7 6 7 5 5 7 2 7 6 0 6 5 5 6 7 6 6 1 2 5 7 7 0 7 6 1 2
split_gain=250.033 250.123 242.435 250.673 248.425 254.1 175.748 268.686 179.557 201.43 239.391 260.475 218.034 261.678 289.526 265.686 227.732 178.144 177.076 176.093 172.464 200.108 227.079 186.704 175.8 165.665 215.182 176.289 163.62 162.906
threshold=0.92021339663720092 0.011216533017599402 0.39008168981303609 0.11215422358765631 0.38618905146801058 0.12248339149036061 0.014327657061257102 0.015484334942569551 0.9400532518747402 1.5000000000000002 0.37196894218039239 0.85936569288970166 3.5000000000000004 0.68451739425144564 0.045273206056975553 0.025526360069593704 0.76775520516856821 0.45717589284635368 0.80742617314004106 0.78122369625493848 1.0000000180025095e-35 1.0000000180025095e-35 0.0083864385792356017 0.23247866290435507 0.18225601968768071 3.5000000000000004 0.86479379893166064 0.98492374570185948 1.0000000180025095e-35 4.5000000000000009
decision_type=2 2 2 2 2 2 2 2 2 2 2 2 2 2 2 2 2 2 2 2 2 2 2 2 2 2 2 2 2 2
left_child=1 20 3 -3 5 -5 -4 -8 9 18 12 17 13 -11 15 16 -15 -12 -9 -19 21 -1 -23 24 -22 -2 27 29 -14 -27
right_child=25 2 6 4 -6 -7 7 8 -10 10 11 -13 28 14 -16 -17 -18 19 -20 -21 23 22 -24 -25 -26 26 -28 -29 -30 -31
leaf_value=0.21905941644727664 0.0097853919928826694 -0.28838228889602718 -0.020244663771521017 0.26946813707821704 -0.31380477528585815 0.011636247160940916 0.2172986530253144 -0.0068081381742002497 -0.03538964662873046 -0.064549433539479673 0.20947224905293887 -0.018495678056254954 -0.056513265722511884 0.23159754058990015 -0.16138247433601116 0.22236026733374781 -0.13567267872121799 0.082834576572911489 0.10417675475490738 0.19330293943835372 0.087852459009886835 -0.079314904641040074 0.13203539936326933 0.11774569198813004 -0.11267353557493334 -0.21425871726340057 -0.39631795784017854 0.12370008593917065 0.20236271465124944 0.064867527934641969
leaf_weight=41 554 28 305 39 23 1920 104 633 210 293 175 163 32 25 42 118 52 896 186 172 109 179 71 976 73 69 22 38 103 30
leaf_count=41 554 28 305 39 23 1920 104 633 210 293 175 163 32 25 42 118 52 896 186 172 109 179 71 976 73 69 22 38 103 30
internal_value=0.0403646 0.046136 0.0364281 0.00873564 0.0129331 0.0167692 0.0522907 0.0591956 0.0538915 0.060379 0.0769812 0.100363 0.0275449 -0.00135392 0.0767739 0.128069 -0.0164291 0.11595 0.0183972 0.100625 0.0831119 0.0142907 -0.0192914 0.100406 0.0074217 -0.016038 -0.106014 -0.0593958 0.141 -0.129675
internal_weight=7681 6968 5519 2010 1982 1959 3509 3204 3100 2890 2071 1406 665 530 237 195 77 1243 819 1068 1449 291 250 1158 182 713 159 137 135 99
internal_count=7681 6968 5519 2010 1982 1959 3509 3204 3100 2890 2071 1406 665 530 237 195 77 1243 819 1068 1449 291 250 1158 182 713 159 137 135 99
is_linear=0
shrinkage=1


Tree=1
num_leaves=31
num_cat=0
split_feature=5 5 6 1 7 7 5 7 7 7 7 6 6 5 3 6 7 6 5 5 2 1 5 6 6 7 4 2 7 7
split_gain=204.437 177.592 284.554 222.331 181.189 328.626 188.804 176.566 192.614 163.312 161.908 156.648 178.389 287.546 193.206 209.822 171.424 154.999 153.18 200.958 208.424 213.301 169.603 320.683 148.754 147.298 142.355 269.998 139.996 174.99
threshold=0.010658020403638 0.014560970563427951 0.85936569288970166 3.5000000000000004 0.11215422358765631 0.10415724848934867 0.014932658403166802 0.27239799019373467 0.68380700180063914 0.55528604406043558 0.45717589284635368 0.20793782903626432 0.15581852523921033 0.022784417633748656 1.0000000180025095e-35 0.14166598240268838 0.91010130354655561 0.41251050453825328 0.0083864385792356017 0.0059740555984977512 5.5000000000000009 2.5000000000000004 0.0069877031183006007 0.8347494153096674 0.99697253176680933 0.49806385050755403 1.0000000180025095e-35 1.5000000000000002 0.42678026888141302 0.32333334573645628
decision_type=2 2 2 2 2 2 2 2 2 2 2 2 2 2 2 2 2 2 2 2 2 2 2 2 2 2 2 2 2 2
left_child=9 2 3 28 5 -3 17 -4 10 -1 -9 12 13 -8 -15 -16 26 -6 19 20 -11 -22 -21 -24 -13 -5 27 -14 29 -2
right_child=1 4 7 25 6 -7 11 8 -10 18 -12 24 16 14 15 -17 -18 -19 -20 22 21 -23 23 -25 -26 -27 -28 -29 -30 -31
leaf_value=-0.0028127373565605272 -0.05780442150512545 0.16709827695574081 0.030344803507129356 0.25672532725983704 -0.044201228448322846 -0.30429747825860981 -0.16681272290647031 -0.2417512544879207 -0.10118304954634771 0.11276382754859367 -0.6072106697342613 -0.00090720581081768232 -0.49326587396639365 0.16943348097834696 -0.085865948467625908 0.15687491305528539 0.17800620794296265 0.29432285852534207 0.14485632547701913 -0.14803910877936605 0.061363613202765177 -0.32142099073777597 -0.046672207498807967 0.40046517699956896 0.25972664945504886 0.0016842911226881878 -0.077668781958452282 -0.11870307705796034 -0.10417487089854559 0.17577159937391892
leaf_weight=779 101 21 24 39 21 50 80 27 36 314 22 4729 27 89 118 51 20 38 174 88 37 24 81 20 22 54 205 67 276 47
leaf_count=779 101 21 24 39 21 50 80 27 36 314 22 4729 27 89 118 51 20 38 174 88 37 24 81 20 22 54 205 67 276 47
internal_value=-0.00376292 -0.0118563 -0.0623422 -0.0313849 -0.00614955 -0.164871 -0.00408824 -0.209176 -0.276806 0.0291229 -0.405835 -0.0060293 -0.0517964 -0.00117455 0.0501861 -0.0126128 -0.105433 0.173831 0.0628328 0.0375277 0.0799045 -0.0892402 -0.0465534 0.0418698 0.000299686 0.108637 -0.124393 -0.22629 -0.0620973 0.0163717
internal_weight=7681 6164 626 517 5538 71 5467 109 85 1517 49 5408 657 338 258 169 319 59 738 564 375 61 189 101 4751 93 299 94 424 148
internal_count=7681 6164 626 517 5538 71 5467 109 85 1517 49 5408 657 338 258 169 319 59 738 564 375 61 189 101 4751 93 299 94 424 148
is_linear=0
shrinkage=0.1


end of trees

feature_importances:
market_perception_intensity=18
article_source_credibility=16
factor_magnitude=13
consolidated_event_tags=5
consolidated_event_type=4
consolidated_factor_name=2
event_tag_category=1
factor_movement=1

parameters:
[boosting: gbdt]
[objective: regression]
[metric: rmse]
[tree_learner: serial]
[device_type: cpu]
[data_sample_strategy: bagging]
[data: ]
[valid: ]
[num_iterations: 100]
[learning_rate: 0.1]
[num_leaves: 31]
[num_threads: 0]
[seed: 0]
[deterministic: 0]
[force_col_wise: 0]
[force_row_wise: 0]
[histogram_pool_size: -1]
[max_depth: -1]
[min_data_in_leaf: 20]
[min_sum_hessian_in_leaf: 0.001]
[bagging_fraction: 0.8]
[pos_bagging_fraction: 1]
[neg_bagging_fraction: 1]
[bagging_freq: 5]
[bagging_seed: 3]
[bagging_by_query: 0]
[feature_fraction: 0.9]
[feature_fraction_bynode: 1]
[feature_fraction_seed: 2]
[extra_trees: 0]
[extra_seed: 6]
[early_stopping_round: 0]
[early_stopping_min_delta: 0]
[first_metric_only: 0]
[max_delta_step: 0]
[lambda_l1: 0]
[lambda_l2: 0]
[linear_lambda: 0]
[min_gain_to_split: 0]
[drop_rate: 0.1]
[max_drop: 50]
[skip_drop: 0.5]
[xgboost_dart_mode: 0]
[uniform_drop: 0]
[drop_seed: 4]
[top_rate: 0.2]
[other_rate: 0.1]
[min_data_per_group: 100]
[max_cat_threshold: 32]
[cat_l2: 10]
[cat_smooth: 10]
[max_cat_to_onehot: 4]
[top_k: 20]
[monotone_constraints: ]
[monotone_constraints_method: basic]
[monotone_penalty: 0]
[feature_contri: ]
[forcedsplits_filename: ]
[refit_decay_rate: 0.9]
[cegb_tradeoff: 1]
[cegb_penalty_split: 0]
[cegb_penalty_feature_lazy: ]
[cegb_penalty_feature_coupled: ]
[path_smooth: 0]
[interaction_constraints: ]
[verbosity: -1]
[saved_feature_importance_type: 0]
[use_quantized_grad: 0]
[num_grad_quant_bins: 4]
[quant_train_renew_leaf: 0]
[stochastic_rounding: 1]
[linear_tree: 0]
[max_bin: 255]
[max_bin_by_feature: ]
[min_data_in_bin: 3]
[bin_construct_sample_cnt: 200000]
[data_random_seed: 1]
[is_enable_sparse: 1]
[enable_bundle: 1]
[use_missing: 1]
[zero_as_missing: 0]
[feature_pre_filter: 1]
[pre_partition: 0]
[two_round: 0]
[header: 0]
[label_column: ]
[weight_column: ]
[group_column: ]
[ignore_column: ]
[categorical_feature: ]
[forcedbins_filename: ]
[precise_float_parser: 0]
[parser_config_file: ]
[objective_seed: 5]
[num_class: 1]
[is_unbalance: 0]
[scale_pos_weight: 1]
[sigmoid: 1]
[boost_from_average: 1]
[reg_sqrt: 0]
[alpha: 0.9]
[fair_c: 1]
[poisson_max_delta_step: 0.7]
[tweedie_variance_power: 1.5]
[lambdarank_truncation_level: 30]
[lambdarank_norm: 1]
[label_gain: ]
[lambdarank_position_bias_regularization: 0]
[eval_at: ]
[multi_error_top_k: 1]
[auc_mu_weights: ]
[num_machines: 1]
[local_listen_port: 12400]
[time_out: 120]
[machine_list_filename: ]
[machines: ]
[gpu_platform_id: -1]
[gpu_device_id: -1]
[gpu_use_dp: 0]
[num_gpu: 1]

end of parameters

pandas_categorical:[]
